8

17 15

62
2 1
5 1
7 1
8 1
10 1
11 1
12 1
2 2
5 2
6 2
9 2
13 2
1 3
5 3
13 3
14 3
15 3
1 4
8 4
13 4
16 4
1 5
5 5
6 5
8 5
3 6
6 6
8 6
11 7
12 7
14 7
15 7
16 7
6 8
8 8
11 8
14 8
1 9
4 9
5 9
6 9
9 9
10 9
11 9
14 9
1 10
4 10
14 10
2 11
3 11
4 11
11 11
12 11
3 12
8 12
9 12
10 12
3 13
7 13
3 14
7 14
13 11

20
5 10
6 10
7 10
8 10
5 11
6 11
7 11
8 11
9 11
10 11
4 12
5 12
6 12
7 12
4 13
5 13
6 13
4 14
5 14
6 14

20
4 3
7 3
11 3
2 4
5 4
10 4
12 4
4 5
9 5
11 5
12 6
13 6
14 6
2 7
7 7
10 7
2 8
4 8
7 8
12 9

10 2