10

19 13

65
1 2
1 3
1 4
1 5
1 9
2 1
2 5
2 7
2 9
2 10
2 11
3 2
3 5
3 11
4 1
4 11
5 9
5 11
5 12
6 3
6 4
6 9
6 12
7 4
7 7
7 12
8 8
9 4
10 4
10 6
10 11
10 12
11 1
11 2
11 3
11 4
11 5
11 6
11 11
12 2
12 3
12 4
12 5
12 6
12 8
12 11
12 12
13 2
13 6
13 8
14 2
15 2
15 6
15 7
15 8
15 9
15 10
15 11
15 12
16 3
16 6
17 3
17 6
18 4
18 6

23
7 1
7 2
7 3
8 1
8 2
8 3
9 1
9 2
9 3
10 1
10 2
10 3
14 3
14 4
14 5
15 3
15 4
15 5
16 4
16 5
17 4
17 5
18 5

23
3 3
3 7
4 4
4 7
4 10
5 4
5 6
5 7
6 2
6 7
7 6
8 5
8 6
8 9
8 10
8 11
9 7
10 7
10 8
11 9
12 7
14 9
14 11

10 5